origen,destino,peso
1,611,404
611,1,404
1,437,74
437,1,74
1,246,853
246,1,853
2,667,469
667,2,469
2,980,939
980,2,939
2,6,314
6,2,314
3,814,758
814,3,758
3,559,413
559,3,413
3,85,922
85,3,922
3,473,142
473,3,142
3,326,754
326,3,754
4,594,424
594,4,424
4,617,193
617,4,193
4,976,151
976,4,151
4,392,381
392,4,381
4,50,206
50,4,206
5,473,864
473,5,864
5,302,234
302,5,234
5,716,126
716,5,126
5,470,934
470,5,934
6,997,129
997,6,129
6,828,111
828,6,111
6,119,925
119,6,925
6,273,353
273,6,353
7,329,340
329,7,340
7,212,751
212,7,751
8,518,328
518,8,328
8,455,811
455,8,811
8,764,744
764,8,744
8,646,392
646,8,392
8,238,335
238,8,335
9,879,431
879,9,431
9,529,567
529,9,567
9,141,897
141,9,897
9,919,324
919,9,324
9,232,356
232,9,356
10,990,636
990,10,636
10,803,55
803,10,55
11,857,871
857,11,871
11,588,632
588,11,632
11,663,978
663,11,978
11,829,792
829,11,792
12,133,609
133,12,609
12,434,203
434,12,203
13,554,309
554,13,309
13,233,413
233,13,413
14,567,944
567,14,944
14,576,916
576,14,916
15,837,526
837,15,526
15,268,869
268,15,869
15,131,92
131,15,92
15,951,750
951,15,750
15,830,866
830,15,866
16,790,205
790,16,205
16,204,431
204,16,431
16,24,679
24,16,679
17,110,820
110,17,820
17,403,894
403,17,894
18,528,368
528,18,368
18,630,110
630,18,110
18,674,554
674,18,554
18,537,896
537,18,896
18,978,222
978,18,222
19,553,704
553,19,704
19,824,385
824,19,385
19,140,54
140,19,54
19,368,904
368,19,904
19,148,952
148,19,952
20,869,597
869,20,597
20,16,284
16,20,284
20,464,56
464,20,56
21,57,388
57,21,388
21,84,316
84,21,316
21,782,768
782,21,768
21,99,242
99,21,242
22,340,467
340,22,467
22,847,247
847,22,247
23,694,253
694,23,253
23,640,228
640,23,228
23,114,970
114,23,970
23,863,518
863,23,518
23,390,829
390,23,829
24,116,306
116,24,306
24,828,126
828,24,126
24,291,168
291,24,168
24,96,996
96,24,996
25,735,797
735,25,797
25,531,894
531,25,894
25,301,260
301,25,260
25,508,62
508,25,62
25,723,398
723,25,398
26,552,97
552,26,97
26,435,437
435,26,437
27,531,96
531,27,96
27,210,433
210,27,433
27,754,314
754,27,314
28,906,986
906,28,986
28,643,598
643,28,598
29,182,52
182,29,52
29,107,706
107,29,706
29,263,839
263,29,839
30,178,533
178,30,533
30,686,901
686,30,901
30,370,312
370,30,312
30,375,317
375,30,317
31,78,230
78,31,230
31,163,246
163,31,246
31,126,93
126,31,93
31,507,929
507,31,929
32,949,392
949,32,392
32,303,611
303,32,611
32,709,690
709,32,690
33,486,176
486,33,176
33,631,813
631,33,813
33,447,468
447,33,468
33,301,747
301,33,747
33,519,812
519,33,812
34,797,936
797,34,936
34,530,760
530,34,760
34,606,385
606,34,385
35,119,510
119,35,510
35,179,255
179,35,255
35,888,890
888,35,890
35,477,573
477,35,573
36,82,955
82,36,955
36,642,925
642,36,925
36,426,750
426,36,750
36,126,162
126,36,162
37,68,151
68,37,151
37,828,663
828,37,663
37,319,793
319,37,793
37,369,564
369,37,564
38,787,720
787,38,720
38,597,724
597,38,724
39,622,769
622,39,769
39,747,403
747,39,403
39,458,226
458,39,226
40,193,522
193,40,522
40,124,154
124,40,154
40,354,154
354,40,154
40,51,224
51,40,224
40,186,499
186,40,499
41,528,878
528,41,878
41,987,477
987,41,477
41,982,732
982,41,732
42,730,343
730,42,343
42,860,508
860,42,508
42,35,215
35,42,215
42,474,302
474,42,302
43,501,711
501,43,711
43,57,903
57,43,903
43,470,949
470,43,949
44,484,61
484,44,61
44,125,665
125,44,665
44,976,73
976,44,73
44,959,377
959,44,377
44,319,224
319,44,224
45,371,764
371,45,764
45,524,869
524,45,869
45,998,254
998,45,254
45,59,500
59,45,500
45,344,973
344,45,973
46,785,570
785,46,570
46,585,329
585,46,329
46,28,558
28,46,558
47,637,472
637,47,472
47,91,109
91,47,109
47,67,572
67,47,572
47,752,744
752,47,744
48,496,704
496,48,704
48,298,231
298,48,231
48,844,189
844,48,189
48,818,116
818,48,116
48,575,261
575,48,261
49,298,868
298,49,868
49,741,386
741,49,386
49,438,462
438,49,462
50,296,311
296,50,311
50,453,352
453,50,352
51,688,118
688,51,118
51,816,329
816,51,329
51,124,473
124,51,473
51,492,557
492,51,557
52,516,342
516,52,342
52,361,970
361,52,970
53,882,94
882,53,94
53,278,225
278,53,225
53,442,237
442,53,237
54,299,724
299,54,724
54,611,665
611,54,665
54,498,191
498,54,191
54,400,253
400,54,253
54,914,53
914,54,53
55,97,446
97,55,446
55,100,751
100,55,751
55,305,680
305,55,680
55,564,554
564,55,554
56,991,891
991,56,891
56,230,236
230,56,236
56,281,206
281,56,206
57,549,817
549,57,817
57,940,746
940,57,746
57,397,300
397,57,300
57,319,443
319,57,443
58,293,573
293,58,573
58,516,188
516,58,188
58,964,368
964,58,368
59,104,252
104,59,252
59,862,367
862,59,367
59,984,184
984,59,184
60,458,666
458,60,666
60,699,963
699,60,963
60,26,186
26,60,186
60,652,395
652,60,395
61,935,303
935,61,303
61,233,451
233,61,451
61,240,199
240,61,199
61,50,745
50,61,745
62,67,906
67,62,906
62,33,507
33,62,507
62,427,343
427,62,343
63,702,515
702,63,515
63,895,753
895,63,753
63,371,979
371,63,979
63,598,812
598,63,812
63,856,174
856,63,174
64,411,481
411,64,481
64,856,549
856,64,549
64,754,380
754,64,380
64,550,293
550,64,293
64,322,548
322,64,548
65,206,752
206,65,752
65,294,829
294,65,829
65,235,683
235,65,683
65,928,221
928,65,221
66,718,884
718,66,884
66,978,333
978,66,333
66,24,275
24,66,275
66,871,543
871,66,543
67,925,549
925,67,549
67,43,255
43,67,255
67,119,626
119,67,626
67,422,983
422,67,983
67,752,970
752,67,970
68,379,89
379,68,89
68,276,317
276,68,317
68,865,389
865,68,389
69,962,530
962,69,530
69,862,243
862,69,243
69,410,976
410,69,976
69,35,884
35,69,884
70,452,240
452,70,240
70,791,144
791,70,144
71,914,890
914,71,890
71,515,706
515,71,706
72,211,590
211,72,590
72,118,367
118,72,367
73,430,129
430,73,129
73,326,207
326,73,207
73,692,426
692,73,426
73,186,504
186,73,504
73,661,721
661,73,721
74,964,889
964,74,889
74,291,484
291,74,484
75,602,531
602,75,531
75,260,760
260,75,760
75,511,467
511,75,467
75,904,688
904,75,688
75,428,845
428,75,845
76,194,739
194,76,739
76,655,398
655,76,398
76,202,581
202,76,581
76,70,220
70,76,220
77,998,250
998,77,250
77,495,304
495,77,304
78,406,192
406,78,192
78,734,277
734,78,277
79,992,157
992,79,157
79,741,571
741,79,571
79,891,313
891,79,313
79,788,672
788,79,672
80,33,619
33,80,619
80,257,698
257,80,698
81,523,655
523,81,655
81,388,1000
388,81,1000
82,295,943
295,82,943
82,426,440
426,82,440
82,129,154
129,82,154
82,124,285
124,82,285
83,390,188
390,83,188
83,537,320
537,83,320
83,795,915
795,83,915
83,783,340
783,83,340
83,285,729
285,83,729
84,473,484
473,84,484
84,27,843
27,84,843
85,308,909
308,85,909
85,139,141
139,85,141
85,682,556
682,85,556
85,803,315
803,85,315
86,98,450
98,86,450
86,868,164
868,86,164
86,521,811
521,86,811
86,515,854
515,86,854
86,305,197
305,86,197
87,621,957
621,87,957
87,431,368
431,87,368
87,105,52
105,87,52
87,17,986
17,87,986
87,480,532
480,87,532
88,482,583
482,88,583
88,347,750
347,88,750
89,234,783
234,89,783
89,226,321
226,89,321
89,921,967
921,89,967
90,800,941
800,90,941
90,986,286
986,90,286
91,596,291
596,91,291
91,357,611
357,91,611
92,118,670
118,92,670
92,49,81
49,92,81
93,112,672
112,93,672
93,693,918
693,93,918
93,660,104
660,93,104
94,565,404
565,94,404
94,852,210
852,94,210
95,243,321
243,95,321
95,182,415
182,95,415
95,938,866
938,95,866
95,545,647
545,95,647
96,177,334
177,96,334
96,518,950
518,96,950
96,19,567
19,96,567
97,188,441
188,97,441
97,668,611
668,97,611
97,843,836
843,97,836
97,563,244
563,97,244
98,540,965
540,98,965
98,791,780
791,98,780
98,978,663
978,98,663
98,858,827
858,98,827
99,697,289
697,99,289
99,522,477
522,99,477
99,33,465
33,99,465
100,147,986
147,100,986
100,273,655
273,100,655
101,239,211
239,101,211
101,904,833
904,101,833
101,506,492
506,101,492
101,74,460
74,101,460
102,554,986
554,102,986
102,599,939
599,102,939
103,633,718
633,103,718
103,149,438
149,103,438
103,309,831
309,103,831
103,268,102
268,103,102
104,596,788
596,104,788
104,883,473
883,104,473
105,300,721
300,105,721
105,180,537
180,105,537
105,937,300
937,105,300
105,907,712
907,105,712
105,267,373
267,105,373
106,481,597
481,106,597
106,556,231
556,106,231
106,903,184
903,106,184
106,183,762
183,106,762
106,35,64
35,106,64
107,422,299
422,107,299
107,453,382
453,107,382
107,568,934
568,107,934
108,316,158
316,108,158
108,639,155
639,108,155
108,443,387
443,108,387
108,149,699
149,108,699
109,100,765
100,109,765
109,847,340
847,109,340
110,878,911
878,110,911
110,373,214
373,110,214
110,479,699
479,110,699
111,238,442
238,111,442
111,983,812
983,111,812
111,186,962
186,111,962
111,486,853
486,111,853
111,623,336
623,111,336
112,496,930
496,112,930
112,512,933
512,112,933
112,812,534
812,112,534
112,103,861
103,112,861
112,285,711
285,112,711
113,974,709
974,113,709
113,748,865
748,113,865
114,342,280
342,114,280
114,660,248
660,114,248
114,546,799
546,114,799
115,875,702
875,115,702
115,616,650
616,115,650
116,935,576
935,116,576
116,675,714
675,116,714
116,320,160
320,116,160
117,318,124
318,117,124
117,656,238
656,117,238
117,971,623
971,117,623
117,18,404
18,117,404
117,209,476
209,117,476
118,96,593
96,118,593
118,918,62
918,118,62
119,904,132
904,119,132
119,40,588
40,119,588
119,770,852
770,119,852
119,136,561
136,119,561
119,964,895
964,119,895
120,328,292
328,120,292
120,35,263
35,120,263
120,554,344
554,120,344
120,899,76
899,120,76
121,61,450
61,121,450
121,823,483
823,121,483
121,710,87
710,121,87
122,629,353
629,122,353
122,143,519
143,122,519
123,478,988
478,123,988
123,914,174
914,123,174
123,658,337
658,123,337
124,962,572
962,124,572
124,576,665
576,124,665
124,642,465
642,124,465
125,874,508
874,125,508
125,754,980
754,125,980
126,461,465
461,126,465
126,747,256
747,126,256
126,238,735
238,126,735
127,775,375
775,127,375
127,711,996
711,127,996
128,194,865
194,128,865
128,9,773
9,128,773
128,76,471
76,128,471
129,808,976
808,129,976
129,74,870
74,129,870
130,568,368
568,130,368
130,320,851
320,130,851
130,202,835
202,130,835
130,514,835
514,130,835
131,16,164
16,131,164
131,433,699
433,131,699
131,239,759
239,131,759
131,95,771
95,131,771
131,440,179
440,131,179
132,794,117
794,132,117
132,478,445
478,132,445
133,955,62
955,133,62
133,669,425
669,133,425
134,802,284
802,134,284
134,33,130
33,134,130
135,601,720
601,135,720
135,519,868
519,135,868
135,796,121
796,135,121
135,494,580
494,135,580
136,664,819
664,136,819
136,112,385
112,136,385
137,960,847
960,137,847
137,958,689
958,137,689
137,364,58
364,137,58
137,237,136
237,137,136
137,602,798
602,137,798
138,150,427
150,138,427
138,358,509
358,138,509
138,294,773
294,138,773
138,635,352
635,138,352
139,284,413
284,139,413
139,970,361
970,139,361
139,401,145
401,139,145
139,286,523
286,139,523
140,7,348
7,140,348
140,622,755
622,140,755
140,129,494
129,140,494
140,554,819
554,140,819
140,192,487
192,140,487
141,403,460
403,141,460
141,337,471
337,141,471
141,582,468
582,141,468
141,534,463
534,141,463
141,983,236
983,141,236
142,255,718
255,142,718
142,891,763
891,142,763
142,275,626
275,142,626
143,228,751
228,143,751
143,129,616
129,143,616
143,237,257
237,143,257
144,714,601
714,144,601
144,666,696
666,144,696
144,630,799
630,144,799
144,674,902
674,144,902
145,111,405
111,145,405
145,541,423
541,145,423
145,971,961
971,145,961
146,352,687
352,146,687
146,72,129
72,146,129
147,520,528
520,147,528
147,912,162
912,147,162
147,5,438
5,147,438
148,807,230
807,148,230
148,899,854
899,148,854
149,603,340
603,149,340
149,863,63
863,149,63
149,95,394
95,149,394
149,954,393
954,149,393
149,190,171
190,149,171
150,511,816
511,150,816
150,598,839
598,150,839
150,765,578
765,150,578
150,10,85
10,150,85
151,96,396
96,151,396
151,941,331
941,151,331
151,307,524
307,151,524
151,335,705
335,151,705
152,674,609
674,152,609
152,95,666
95,152,666
152,784,875
784,152,875
152,298,693
298,152,693
152,485,971
485,152,971
153,685,714
685,153,714
153,28,252
28,153,252
153,89,92
89,153,92
154,319,314
319,154,314
154,461,418
461,154,418
154,97,190
97,154,190
155,943,902
943,155,902
155,205,921
205,155,921
156,614,820
614,156,820
156,32,455
32,156,455
156,866,317
866,156,317
156,271,843
271,156,843
156,96,288
96,156,288
157,713,755
713,157,755
157,557,129
557,157,129
157,132,324
132,157,324
158,773,915
773,158,915
158,758,991
758,158,991
158,578,160
578,158,160
159,657,367
657,159,367
159,663,380
663,159,380
160,807,382
807,160,382
160,263,694
263,160,694
160,999,611
999,160,611
160,230,917
230,160,917
160,291,782
291,160,782
161,731,311
731,161,311
161,339,415
339,161,415
161,540,241
540,161,241
161,342,698
342,161,698
162,330,473
330,162,473
162,1,765
1,162,765
162,647,389
647,162,389
162,267,133
267,162,133
162,65,553
65,162,553
163,351,682
351,163,682
163,767,460
767,163,460
164,581,274
581,164,274
164,427,922
427,164,922
164,316,77
316,164,77
165,77,822
77,165,822
165,167,925
167,165,925
166,105,612
105,166,612
166,758,983
758,166,983
166,4,984
4,166,984
166,841,644
841,166,644
166,254,432
254,166,432
167,593,498
593,167,498
167,833,91
833,167,91
167,462,252
462,167,252
168,11,141
11,168,141
168,468,828
468,168,828
168,104,171
104,168,171
168,346,766
346,168,766
168,884,50
884,168,50
169,821,568
821,169,568
169,509,909
509,169,909
170,726,582
726,170,582
170,706,248
706,170,248
170,245,850
245,170,850
170,885,114
885,170,114
171,57,562
57,171,562
171,371,772
371,171,772
171,826,114
826,171,114
171,889,685
889,171,685
172,795,814
795,172,814
172,13,921
13,172,921
173,451,714
451,173,714
173,288,730
288,173,730
174,434,701
434,174,701
174,767,391
767,174,391
174,134,457
134,174,457
174,331,755
331,174,755
174,286,484
286,174,484
175,734,638
734,175,638
175,821,94
821,175,94
175,34,303
34,175,303
176,65,591
65,176,591
176,461,465
461,176,465
177,813,867
813,177,867
177,67,94
67,177,94
178,586,83
586,178,83
178,777,967
777,178,967
178,350,116
350,178,116
179,356,602
356,179,602
179,203,813
203,179,813
179,999,126
999,179,126
179,119,857
119,179,857
179,163,105
163,179,105
180,529,792
529,180,792
180,717,403
717,180,403
180,233,400
233,180,400
180,983,444
983,180,444
180,232,456
232,180,456
181,646,100
646,181,100
181,417,635
417,181,635
181,360,317
360,181,317
182,149,808
149,182,808
182,849,271
849,182,271
183,924,339
924,183,339
183,516,569
516,183,569
184,714,712
714,184,712
184,82,773
82,184,773
184,374,715
374,184,715
184,908,122
908,184,122
184,269,830
269,184,830
185,379,750
379,185,750
185,225,146
225,185,146
186,196,575
196,186,575
186,623,314
623,186,314
186,77,254
77,186,254
187,553,668
553,187,668
187,119,480
119,187,480
187,246,155
246,187,155
187,692,114
692,187,114
188,998,823
998,188,823
188,845,360
845,188,360
188,1,920
1,188,920
188,706,957
706,188,957
189,647,954
647,189,954
189,637,926
637,189,926
189,630,807
630,189,807
189,53,647
53,189,647
190,714,214
714,190,214
190,950,925
950,190,925
191,795,283
795,191,283
191,45,577
45,191,577
191,337,897
337,191,897
191,817,297
817,191,297
192,779,265
779,192,265
192,593,675
593,192,675
192,418,122
418,192,122
192,495,950
495,192,950
192,412,978
412,192,978
193,596,96
596,193,96
193,724,953
724,193,953
193,347,738
347,193,738
193,886,370
886,193,370
193,460,301
460,193,301
194,674,987
674,194,987
194,46,808
46,194,808
195,758,571
758,195,571
195,457,610
457,195,610
195,839,517
839,195,517
195,394,893
394,195,893
195,130,229
130,195,229
196,834,726
834,196,726
196,569,296
569,196,296
196,804,387
804,196,387
196,84,819
84,196,819
197,119,997
119,197,997
197,677,387
677,197,387
197,609,847
609,197,847
197,824,123
824,197,123
198,562,528
562,198,528
198,102,447
102,198,447
198,427,549
427,198,549
198,363,272
363,198,272
198,47,409
47,198,409
199,153,97
153,199,97
199,689,534
689,199,534
199,491,364
491,199,364
199,590,229
590,199,229
200,427,70
427,200,70
200,724,753
724,200,753
200,224,306
224,200,306
201,69,528
69,201,528
201,476,797
476,201,797
201,139,722
139,201,722
201,56,676
56,201,676
202,34,190
34,202,190
202,756,687
756,202,687
202,455,129
455,202,129
202,592,797
592,202,797
202,818,270
818,202,270
203,985,852
985,203,852
203,897,909
897,203,909
203,937,176
937,203,176
203,443,408
443,203,408
203,777,441
777,203,441
204,932,846
932,204,846
204,400,372
400,204,372
204,646,568
646,204,568
204,378,810
378,204,810
205,412,589
412,205,589
205,761,532
761,205,532
205,84,452
84,205,452
205,969,73
969,205,73
206,348,142
348,206,142
206,906,277
906,206,277
206,120,895
120,206,895
206,188,238
188,206,238
207,431,152
431,207,152
207,87,278
87,207,278
207,940,550
940,207,550
208,539,265
539,208,265
208,479,894
479,208,894
208,84,457
84,208,457
208,523,232
523,208,232
208,362,371
362,208,371
209,581,192
581,209,192
209,629,520
629,209,520
209,284,369
284,209,369
209,843,109
843,209,109
210,601,278
601,210,278
210,219,414
219,210,414
210,833,265
833,210,265
211,652,987
652,211,987
211,70,688
70,211,688
211,718,659
718,211,659
211,251,104
251,211,104
211,685,987
685,211,987
212,935,252
935,212,252
212,373,626
373,212,626
213,88,436
88,213,436
213,646,290
646,213,290
214,793,296
793,214,296
214,987,361
987,214,361
215,859,757
859,215,757
215,463,949
463,215,949
216,224,300
224,216,300
216,84,394
84,216,394
216,496,261
496,216,261
216,721,461
721,216,461
216,928,549
928,216,549
217,399,969
399,217,969
217,127,990
127,217,990
218,460,362
460,218,362
218,914,371
914,218,371
218,901,595
901,218,595
218,461,63
461,218,63
219,164,58
164,219,58
219,57,926
57,219,926
219,619,889
619,219,889
220,348,151
348,220,151
220,292,932
292,220,932
220,15,242
15,220,242
220,731,179
731,220,179
220,649,70
649,220,70
221,563,515
563,221,515
221,117,88
117,221,88
221,486,152
486,221,152
221,125,653
125,221,653
221,286,743
286,221,743
222,775,948
775,222,948
222,951,984
951,222,984
223,430,871
430,223,871
223,101,658
101,223,658
224,801,58
801,224,58
224,657,837
657,224,837
224,972,910
972,224,910
224,78,641
78,224,641
224,860,716
860,224,716
225,514,999
514,225,999
225,844,630
844,225,630
225,612,311
612,225,311
225,47,399
47,225,399
226,408,459
408,226,459
226,615,195
615,226,195
226,190,128
190,226,128
227,810,618
810,227,618
227,811,299
811,227,299
227,108,451
108,227,451
228,499,229
499,228,229
228,94,770
94,228,770
228,20,131
20,228,131
228,946,761
946,228,761
229,381,840
381,229,840
229,988,394
988,229,394
229,823,121
823,229,121
229,995,548
995,229,548
229,162,359
162,229,359
230,844,333
844,230,333
230,733,454
733,230,454
230,354,394
354,230,394
231,512,599
512,231,599
231,167,207
167,231,207
231,28,777
28,231,777
231,17,751
17,231,751
232,28,68
28,232,68
232,771,811
771,232,811
232,981,954
981,232,954
232,363,318
363,232,318
233,189,319
189,233,319
233,946,703
946,233,703
234,906,481
906,234,481
234,312,885
312,234,885
234,841,232
841,234,232
234,781,767
781,234,767
235,657,580
657,235,580
235,747,659
747,235,659
235,935,416
935,235,416
235,256,335
256,235,335
236,790,416
790,236,416
236,766,600
766,236,600
237,193,349
193,237,349
237,730,713
730,237,713
237,64,900
64,237,900
237,651,738
651,237,738
237,392,188
392,237,188
238,778,274
778,238,274
238,420,664
420,238,664
239,166,59
166,239,59
239,936,873
936,239,873
239,830,860
830,239,860
239,464,197
464,239,197
240,647,648
647,240,648
240,674,555
674,240,555
240,843,815
843,240,815
240,763,638
763,240,638
241,630,195
630,241,195
241,758,411
758,241,411
242,522,651
522,242,651
242,690,436
690,242,436
242,754,220
754,242,220
243,378,131
378,243,131
243,805,765
805,243,765
243,892,512
892,243,512
244,322,238
322,244,238
244,781,206
781,244,206
245,728,110
728,245,110
245,194,316
194,245,316
245,214,286
214,245,286
245,33,763
33,245,763
246,50,115
50,246,115
246,481,627
481,246,627
246,6,629
6,246,629
246,660,551
660,246,551
246,665,392
665,246,392
247,239,285
239,247,285
247,435,870
435,247,870
247,302,927
302,247,927
247,667,596
667,247,596
248,929,705
929,248,705
248,629,307
629,248,307
249,436,355
436,249,355
249,949,316
949,249,316
249,730,411
730,249,411
249,827,253
827,249,253
249,469,178
469,249,178
250,923,222
923,250,222
250,208,234
208,250,234
250,453,389
453,250,389
250,982,703
982,250,703
250,784,257
784,250,257
251,101,998
101,251,998
251,454,723
454,251,723
251,9,677
9,251,677
251,329,618
329,251,618
251,679,136
679,251,136
252,555,186
555,252,186
252,221,941
221,252,941
252,996,143
996,252,143
252,388,67
388,252,67
253,134,274
134,253,274
253,320,469
320,253,469
254,975,608
975,254,608
254,643,194
643,254,194
255,555,526
555,255,526
255,153,780
153,255,780
255,504,832
504,255,832
256,118,174
118,256,174
256,514,595
514,256,595
256,407,78
407,256,78
256,755,685
755,256,685
257,611,154
611,257,154
257,774,800
774,257,800
257,92,893
92,257,893
257,434,854
434,257,854
257,365,528
365,257,528
258,839,429
839,258,429
258,111,535
111,258,535
258,368,337
368,258,337
259,250,468
250,259,468
259,867,126
867,259,126
259,892,418
892,259,418
259,975,103
975,259,103
259,420,481
420,259,481
260,589,933
589,260,933
260,82,542
82,260,542
260,337,209
337,260,209
260,478,267
478,260,267
260,891,183
891,260,183
261,408,897
408,261,897
261,23,461
23,261,461
261,564,630
564,261,630
261,832,308
832,261,308
262,57,273
57,262,273
262,55,199
55,262,199
262,593,209
593,262,209
263,683,307
683,263,307
263,205,56
205,263,56
263,13,434
13,263,434
263,738,677
738,263,677
263,551,574
551,263,574
264,53,137
53,264,137
264,92,667
92,264,667
265,592,985
592,265,985
265,735,991
735,265,991
265,641,129
641,265,129
265,547,359
547,265,359
265,918,283
918,265,283
266,663,409
663,266,409
266,596,310
596,266,310
267,800,459
800,267,459
267,926,592
926,267,592
268,809,140
809,268,140
268,139,731
139,268,731
268,765,224
765,268,224
268,360,858
360,268,858
268,899,699
899,268,699
269,868,190
868,269,190
269,122,935
122,269,935
269,140,607
140,269,607
270,754,467
754,270,467
270,254,668
254,270,668
270,159,97
159,270,97
271,292,443
292,271,443
271,957,469
957,271,469
271,870,713
870,271,713
271,501,135
501,271,135
272,934,556
934,272,556
272,234,361
234,272,361
272,552,811
552,272,811
272,366,862
366,272,862
273,853,835
853,273,835
273,937,151
937,273,151
273,213,50
213,273,50
274,444,610
444,274,610
274,254,789
254,274,789
274,455,720
455,274,720
275,174,218
174,275,218
275,60,321
60,275,321
275,253,648
253,275,648
275,436,693
436,275,693
276,24,183
24,276,183
276,487,469
487,276,469
276,227,730
227,276,730
276,189,621
189,276,621
276,786,938
786,276,938
277,395,275
395,277,275
277,131,706
131,277,706
277,246,817
246,277,817
277,223,625
223,277,625
278,144,817
144,278,817
278,872,306
872,278,306
279,283,71
283,279,71
279,988,332
988,279,332
280,359,417
359,280,417
280,426,568
426,280,568
280,571,339
571,280,339
280,507,325
507,280,325
280,9,122
9,280,122
281,309,542
309,281,542
281,568,61
568,281,61
281,520,624
520,281,624
281,946,859
946,281,859
282,817,989
817,282,989
282,264,673
264,282,673
282,589,505
589,282,505
283,467,881
467,283,881
283,378,960
378,283,960
283,159,419
159,283,419
284,290,127
290,284,127
284,559,492
559,284,492
284,654,976
654,284,976
285,251,111
251,285,111
285,301,812
301,285,812
285,761,555
761,285,555
286,51,339
51,286,339
286,491,485
491,286,485
286,291,208
291,286,208
287,541,315
541,287,315
287,522,588
522,287,588
288,533,828
533,288,828
288,676,729
676,288,729
288,605,669
605,288,669
288,65,631
65,288,631
288,546,280
546,288,280
289,759,964
759,289,964
289,866,139
866,289,139
289,809,785
809,289,785
290,4,377
4,290,377
290,308,421
308,290,421
291,453,445
453,291,445
291,845,640
845,291,640
292,226,563
226,292,563
292,306,588
306,292,588
293,123,241
123,293,241
293,25,751
25,293,751
293,738,924
738,293,924
293,22,535
22,293,535
293,529,81
529,293,81
294,89,182
89,294,182
294,525,512
525,294,512
294,906,455
906,294,455
294,75,106
75,294,106
295,569,207
569,295,207
295,100,358
100,295,358
295,919,564
919,295,564
295,542,833
542,295,833
296,770,623
770,296,623
296,849,96
849,296,96
296,404,797
404,296,797
297,132,451
132,297,451
297,584,122
584,297,122
298,937,809
937,298,809
298,111,877
111,298,877
298,199,113
199,298,113
298,721,260
721,298,260
298,712,225
712,298,225
299,142,663
142,299,663
299,891,533
891,299,533
299,141,153
141,299,153
299,790,171
790,299,171
299,590,907
590,299,907
300,839,910
839,300,910
300,759,121
759,300,121
300,185,429
185,300,429
300,714,301
714,300,301
300,594,508
594,300,508
301,210,900
210,301,900
301,525,927
525,301,927
302,385,653
385,302,653
302,59,925
59,302,925
302,125,292
125,302,292
302,757,836
757,302,836
303,49,771
49,303,771
303,886,191
886,303,191
304,153,808
153,304,808
304,419,670
419,304,670
304,140,612
140,304,612
304,896,205
896,304,205
304,613,586
613,304,586
305,394,254
394,305,254
305,541,400
541,305,400
305,445,138
445,305,138
305,803,451
803,305,451
305,325,371
325,305,371
306,63,509
63,306,509
306,343,697
343,306,697
306,478,828
478,306,828
306,901,566
901,306,566
306,425,469
425,306,469
307,589,486
589,307,486
307,391,361
391,307,361
308,617,921
617,308,921
308,56,952
56,308,952
308,821,847
821,308,847
309,972,353
972,309,353
309,928,664
928,309,664
310,694,956
694,310,956
310,844,606
844,310,606
310,913,310
913,310,310
310,549,338
549,310,338
311,401,90
401,311,90
311,782,459
782,311,459
311,28,836
28,311,836
312,60,565
60,312,565
312,604,820
604,312,820
312,156,272
156,312,272
312,554,167
554,312,167
313,609,151
609,313,151
313,366,538
366,313,538
313,509,713
509,313,713
314,499,447
499,314,447
314,881,323
881,314,323
314,649,239
649,314,239
314,685,70
685,314,70
314,913,658
913,314,658
315,846,348
846,315,348
315,149,535
149,315,535
315,57,481
57,315,481
316,271,252
271,316,252
316,195,621
195,316,621
316,683,520
683,316,520
316,390,784
390,316,784
316,60,673
60,316,673
317,36,238
36,317,238
317,94,379
94,317,379
317,85,916
85,317,916
317,189,704
189,317,704
318,592,706
592,318,706
318,648,410
648,318,410
318,775,183
775,318,183
319,900,918
900,319,918
319,761,118
761,319,118
319,936,344
936,319,344
319,997,930
997,319,930
320,315,126
315,320,126
320,478,843
478,320,843
321,943,80
943,321,80
321,438,663
438,321,663
322,802,306
802,322,306
322,53,765
53,322,765
323,650,753
650,323,753
323,480,337
480,323,337
323,156,888
156,323,888
323,460,386
460,323,386
323,946,258
946,323,258
324,363,552
363,324,552
324,716,198
716,324,198
325,533,801
533,325,801
325,741,602
741,325,602
325,953,152
953,325,152
325,395,544
395,325,544
326,105,890
105,326,890
326,173,696
173,326,696
326,351,866
351,326,866
326,989,302
989,326,302
327,537,282
537,327,282
327,802,717
802,327,717
327,789,840
789,327,840
328,610,631
610,328,631
328,877,703
877,328,703
328,679,577
679,328,577
328,794,246
794,328,246
328,525,803
525,328,803
329,353,697
353,329,697
329,645,727
645,329,727
329,521,772
521,329,772
329,182,507
182,329,507
330,778,993
778,330,993
330,973,429
973,330,429
330,19,134
19,330,134
331,227,715
227,331,715
331,449,855
449,331,855
332,580,240
580,332,240
332,619,970
619,332,970
332,343,154
343,332,154
333,469,54
469,333,54
333,931,364
931,333,364
333,101,392
101,333,392
333,45,880
45,333,880
334,518,857
518,334,857
334,794,922
794,334,922
334,489,837
489,334,837
334,586,542
586,334,542
334,607,894
607,334,894
335,884,975
884,335,975
335,958,705
958,335,705
335,833,894
833,335,894
335,324,763
324,335,763
335,430,445
430,335,445
336,621,398
621,336,398
336,455,120
455,336,120
336,965,688
965,336,688
336,265,772
265,336,772
336,544,731
544,336,731
337,14,393
14,337,393
337,23,69
23,337,69
338,23,196
23,338,196
338,913,840
913,338,840
338,230,836
230,338,836
339,936,970
936,339,970
339,834,866
834,339,866
339,236,793
236,339,793
339,45,257
45,339,257
340,580,360
580,340,360
340,399,435
399,340,435
340,466,717
466,340,717
340,921,250
921,340,250
341,375,76
375,341,76
341,717,163
717,341,163
341,35,120
35,341,120
342,277,211
277,342,211
342,222,414
222,342,414
342,543,955
543,342,955
342,809,686
809,342,686
343,126,970
126,343,970
343,472,599
472,343,599
344,446,953
446,344,953
344,155,390
155,344,390
344,345,854
345,344,854
345,198,111
198,345,111
345,924,606
924,345,606
346,359,754
359,346,754
346,996,373
996,346,373
346,16,905
16,346,905
346,267,386
267,346,386
347,481,968
481,347,968
347,359,426
359,347,426
347,375,858
375,347,858
347,695,53
695,347,53
348,625,428
625,348,428
348,599,127
599,348,127
348,970,557
970,348,557
348,353,760
353,348,760
349,760,634
760,349,634
349,331,351
331,349,351
349,398,217
398,349,217
350,35,503
35,350,503
350,454,331
454,350,331
350,258,428
258,350,428
350,182,381
182,350,381
350,225,997
225,350,997
351,230,916
230,351,916
351,845,570
845,351,570
351,185,618
185,351,618
352,190,349
190,352,349
352,163,680
163,352,680
352,587,823
587,352,823
353,142,192
142,353,192
353,299,606
299,353,606
353,458,801
458,353,801
353,466,66
466,353,66
354,816,375
816,354,375
354,927,893
927,354,893
355,308,879
308,355,879
355,485,390
485,355,390
355,506,204
506,355,204
355,730,904
730,355,904
356,573,478
573,356,478
356,605,907
605,356,907
357,313,339
313,357,339
357,388,939
388,357,939
357,753,693
753,357,693
357,565,315
565,357,315
358,834,479
834,358,479
358,923,188
923,358,188
358,422,668
422,358,668
358,76,414
76,358,414
358,310,399
310,358,399
359,413,811
413,359,811
359,355,540
355,359,540
359,563,293
563,359,293
359,635,235
635,359,235
359,88,960
88,359,960
360,702,441
702,360,441
360,985,104
985,360,104
360,440,666
440,360,666
361,695,203
695,361,203
361,272,229
272,361,229
361,664,399
664,361,399
361,112,297
112,361,297
361,855,461
855,361,461
362,657,109
657,362,109
362,746,195
746,362,195
362,238,643
238,362,643
363,355,614
355,363,614
363,207,365
207,363,365
363,693,271
693,363,271
363,347,201
347,363,201
363,256,602
256,363,602
364,716,825
716,364,825
364,31,875
31,364,875
365,273,918
273,365,918
365,748,870
748,365,870
365,269,223
269,365,223
366,242,508
242,366,508
366,705,960
705,366,960
366,519,795
519,366,795
366,540,817
540,366,817
367,71,640
71,367,640
367,473,223
473,367,223
367,348,994
348,367,994
367,613,206
613,367,206
367,261,989
261,367,989
368,532,438
532,368,438
368,752,204
752,368,204
368,876,614
876,368,614
368,998,983
998,368,983
368,257,935
257,368,935
369,771,178
771,369,178
369,144,266
144,369,266
369,820,389
820,369,389
370,108,214
108,370,214
370,963,853
963,370,853
370,725,145
725,370,145
371,100,373
100,371,373
371,164,135
164,371,135
371,973,918
973,371,918
371,232,679
232,371,679
372,741,791
741,372,791
372,648,86
648,372,86
372,142,923
142,372,923
372,27,779
27,372,779
372,537,443
537,372,443
373,140,225
140,373,225
373,800,171
800,373,171
373,610,987
610,373,987
374,915,572
915,374,572
374,591,83
591,374,83
374,475,850
475,374,850
375,582,812
582,375,812
375,54,719
54,375,719
375,615,160
615,375,160
376,492,83
492,376,83
376,182,481
182,376,481
376,53,206
53,376,206
377,726,55
726,377,55
377,673,911
673,377,911
377,397,757
397,377,757
377,805,552
805,377,552
377,472,304
472,377,304
378,328,738
328,378,738
378,556,391
556,378,391
379,862,647
862,379,647
379,252,498
252,379,498
379,521,294
521,379,294
380,385,909
385,380,909
380,964,765
964,380,765
380,94,746
94,380,746
380,889,264
889,380,264
381,862,970
862,381,970
381,743,557
743,381,557
381,779,449
779,381,449
381,761,443
761,381,443
382,419,683
419,382,683
382,332,229
332,382,229
383,780,368
780,383,368
383,647,730
647,383,730
383,219,458
219,383,458
384,494,389
494,384,389
384,379,705
379,384,705
384,789,997
789,384,997
384,255,558
255,384,558
384,723,474
723,384,474
385,770,562
770,385,562
385,427,285
427,385,285
385,614,447
614,385,447
386,445,439
445,386,439
386,175,386
175,386,386
386,76,555
76,386,555
387,982,949
982,387,949
387,584,885
584,387,885
387,110,130
110,387,130
388,83,721
83,388,721
388,643,838
643,388,838
388,359,388
359,388,388
389,834,285
834,389,285
389,819,375
819,389,375
390,680,561
680,390,561
390,458,479
458,390,479
390,133,675
133,390,675
390,849,308
849,390,308
391,25,111
25,391,111
391,86,486
86,391,486
392,399,466
399,392,466
392,232,303
232,392,303
393,64,214
64,393,214
393,380,806
380,393,806
394,202,166
202,394,166
394,6,754
6,394,754
395,258,392
258,395,392
395,32,111
32,395,111
395,432,381
432,395,381
396,767,388
767,396,388
396,871,818
871,396,818
397,48,424
48,397,424
397,896,995
896,397,995
397,110,216
110,397,216
397,596,738
596,397,738
398,513,478
513,398,478
398,978,385
978,398,385
398,647,769
647,398,769
398,374,669
374,398,669
398,459,348
459,398,348
399,615,332
615,399,332
399,41,433
41,399,433
399,409,349
409,399,349
399,841,934
841,399,934
400,12,267
12,400,267
400,987,868
987,400,868
401,762,171
762,401,171
401,101,952
101,401,952
401,175,724
175,401,724
401,167,774
167,401,774
401,409,462
409,401,462
402,860,619
860,402,619
402,835,133
835,402,133
403,746,577
746,403,577
403,41,517
41,403,517
403,207,864
207,403,864
403,776,638
776,403,638
404,692,611
692,404,611
404,882,842
882,404,842
405,856,419
856,405,419
405,900,227
900,405,227
405,541,180
541,405,180
405,610,758
610,405,758
405,117,677
117,405,677
406,784,504
784,406,504
406,53,913
53,406,913
406,841,62
841,406,62
406,739,225
739,406,225
407,42,776
42,407,776
407,985,959
985,407,959
407,470,238
470,407,238
408,486,683
486,408,683
408,33,921
33,408,921
408,89,858
89,408,858
408,636,909
636,408,909
409,344,728
344,409,728
409,317,400
317,409,400
409,542,479
542,409,479
409,295,772
295,409,772
410,795,763
795,410,763
410,481,889
481,410,889
410,574,307
574,410,307
411,240,193
240,411,193
411,911,713
911,411,713
412,667,675
667,412,675
412,329,699
329,412,699
412,656,867
656,412,867
412,668,695
668,412,695
412,454,426
454,412,426
413,844,871
844,413,871
413,952,598
952,413,598
413,945,408
945,413,408
413,500,899
500,413,899
413,576,807
576,413,807
414,209,175
209,414,175
414,274,534
274,414,534
414,973,982
973,414,982
414,300,457
300,414,457
415,424,258
424,415,258
415,403,452
403,415,452
415,758,433
758,415,433
415,731,122
731,415,122
416,678,136
678,416,136
416,839,390
839,416,390
416,199,85
199,416,85
417,640,61
640,417,61
417,442,584
442,417,584
417,318,64
318,417,64
418,778,821
778,418,821
418,135,818
135,418,818
418,768,296
768,418,296
418,6,951
6,418,951
418,79,868
79,418,868
419,185,342
185,419,342
419,248,210
248,419,210
419,664,293
664,419,293
419,362,798
362,419,798
419,890,453
890,419,453
420,567,865
567,420,865
420,991,614
991,420,614
420,293,872
293,420,872
421,599,450
599,421,450
421,619,583
619,421,583
421,100,350
100,421,350
421,39,187
39,421,187
422,167,671
167,422,671
422,122,786
122,422,786
422,84,394
84,422,394
423,195,476
195,423,476
423,92,775
92,423,775
424,742,607
742,424,607
424,258,717
258,424,717
424,403,60
403,424,60
424,734,714
734,424,714
425,491,941
491,425,941
425,341,66
341,425,66
425,617,523
617,425,523
426,559,387
559,426,387
426,400,888
400,426,888
426,431,957
431,426,957
426,736,545
736,426,545
426,803,943
803,426,943
427,77,729
77,427,729
427,645,139
645,427,139
427,492,58
492,427,58
427,445,471
445,427,471
428,521,994
521,428,994
428,701,238
701,428,238
428,182,368
182,428,368
428,910,59
910,428,59
429,705,582
705,429,582
429,488,153
488,429,153
429,356,776
356,429,776
430,853,892
853,430,892
430,969,449
969,430,449
430,414,518
414,430,518
430,959,675
959,430,675
431,654,821
654,431,821
431,565,987
565,431,987
432,285,962
285,432,962
432,198,98
198,432,98
432,517,946
517,432,946
433,800,326
800,433,326
433,495,654
495,433,654
434,410,562
410,434,562
434,983,372
983,434,372
434,25,754
25,434,754
435,397,512
397,435,512
435,5,947
5,435,947
435,249,701
249,435,701
435,160,360
160,435,360
436,825,694
825,436,694
436,909,765
909,436,765
436,796,790
796,436,790
436,403,569
403,436,569
437,93,423
93,437,423
437,214,585
214,437,585
437,221,406
221,437,406
438,368,270
368,438,270
438,85,345
85,438,345
439,61,892
61,439,892
439,733,464
733,439,464
439,686,120
686,439,120
439,980,311
980,439,311
439,51,881
51,439,881
440,721,418
721,440,418
440,544,411
544,440,411
441,66,845
66,441,845
441,595,867
595,441,867
442,932,137
932,442,137
442,984,512
984,442,512
442,943,565
943,442,565
442,412,430
412,442,430
443,969,555
969,443,555
443,927,501
927,443,501
443,983,536
983,443,536
443,60,895
60,443,895
444,101,465
101,444,465
444,516,419
516,444,419
444,769,94
769,444,94
444,259,178
259,444,178
445,546,345
546,445,345
445,502,454
502,445,454
445,850,668
850,445,668
445,470,642
470,445,642
445,951,877
951,445,877
446,860,365
860,446,365
446,612,968
612,446,968
446,607,533
607,446,533
447,524,752
524,447,752
447,53,289
53,447,289
448,774,609
774,448,609
448,149,725
149,448,725
448,43,73
43,448,73
449,863,79
863,449,79
449,509,535
509,449,535
449,816,572
816,449,572
449,20,272
20,449,272
449,744,142
744,449,142
450,596,947
596,450,947
450,536,70
536,450,70
450,188,179
188,450,179
451,871,455
871,451,455
451,565,688
565,451,688
451,314,640
314,451,640
451,117,799
117,451,799
451,584,716
584,451,716
452,581,264
581,452,264
452,549,359
549,452,359
452,707,198
707,452,198
452,811,71
811,452,71
453,125,349
125,453,349
453,870,72
870,453,72
453,99,114
99,453,114
453,359,871
359,453,871
454,776,696
776,454,696
454,966,459
966,454,459
454,288,523
288,454,523
454,574,667
574,454,667
454,590,734
590,454,734
455,6,517
6,455,517
455,177,542
177,455,542
455,821,369
821,455,369
455,276,444
276,455,444
455,42,117
42,455,117
456,914,783
914,456,783
456,361,543
361,456,543
457,399,131
399,457,131
457,291,787
291,457,787
458,887,846
887,458,846
458,82,229
82,458,229
459,599,219
599,459,219
459,958,607
958,459,607
459,747,815
747,459,815
460,519,117
519,460,117
460,204,492
204,460,492
460,525,669
525,460,669
460,437,129
437,460,129
460,33,518
33,460,518
461,975,564
975,461,564
461,222,920
222,461,920
461,937,449
937,461,449
461,752,759
752,461,759
462,962,651
962,462,651
462,748,994
748,462,994
462,408,449
408,462,449
462,722,495
722,462,495
463,991,104
991,463,104
463,875,345
875,463,345
463,485,970
485,463,970
464,540,658
540,464,658
464,121,330
121,464,330
465,334,644
334,465,644
465,231,860
231,465,860
466,660,775
660,466,775
466,305,602
305,466,602
467,356,177
356,467,177
467,507,908
507,467,908
467,861,100
861,467,100
467,621,583
621,467,583
467,872,50
872,467,50
468,626,447
626,468,447
468,107,649
107,468,649
468,662,450
662,468,450
469,699,171
699,469,171
469,1,200
1,469,200
469,299,394
299,469,394
469,606,127
606,469,127
470,900,872
900,470,872
470,64,730
64,470,730
470,265,295
265,470,295
470,240,353
240,470,353
471,596,119
596,471,119
471,861,321
861,471,321
472,570,234
570,472,234
472,754,742
754,472,742
472,410,578
410,472,578
472,156,168
156,472,168
473,286,65
286,473,65
473,587,141
587,473,141
473,199,266
199,473,266
473,838,272
838,473,272
473,434,106
434,473,106
474,497,71
497,474,71
474,66,386
66,474,386
474,732,206
732,474,206
474,21,599
21,474,599
474,93,284
93,474,284
475,249,510
249,475,510
475,577,898
577,475,898
475,714,875
714,475,875
475,873,883
873,475,883
475,494,477
494,475,477
476,47,365
47,476,365
476,233,829
233,476,829
476,257,518
257,476,518
476,742,102
742,476,102
476,430,286
430,476,286
477,543,790
543,477,790
477,166,169
166,477,169
478,230,114
230,478,114
478,781,555
781,478,555
478,293,412
293,478,412
479,828,409
828,479,409
479,155,855
155,479,855
479,178,292
178,479,292
479,30,994
30,479,994
479,404,915
404,479,915
480,58,924
58,480,924
480,116,865
116,480,865
480,442,355
442,480,355
480,961,413
961,480,413
481,337,369
337,481,369
481,68,732
68,481,732
481,142,117
142,481,117
481,587,238
587,481,238
482,981,278
981,482,278
482,491,221
491,482,221
482,58,250
58,482,250
483,80,577
80,483,577
483,101,917
101,483,917
483,230,411
230,483,411
484,251,813
251,484,813
484,842,344
842,484,344
485,921,225
921,485,225
485,625,781
625,485,781
485,989,913
989,485,913
486,141,934
141,486,934
486,410,72
410,486,72
487,690,506
690,487,506
487,300,364
300,487,364
488,473,444
473,488,444
488,126,855
126,488,855
488,598,355
598,488,355
488,56,963
56,488,963
488,758,218
758,488,218
489,487,903
487,489,903
489,830,572
830,489,572
489,156,444
156,489,444
489,338,575
338,489,575
489,833,645
833,489,645
490,663,681
663,490,681
490,468,963
468,490,963
490,941,453
941,490,453
491,917,680
917,491,680
491,575,170
575,491,170
492,813,347
813,492,347
492,512,769
512,492,769
493,312,50
312,493,50
493,668,696
668,493,696
493,238,410
238,493,410
494,547,816
547,494,816
494,272,450
272,494,450
494,779,565
779,494,565
494,691,869
691,494,869
494,219,987
219,494,987
495,645,395
645,495,395
495,203,126
203,495,126
496,796,403
796,496,403
496,208,877
208,496,877
496,826,414
826,496,414
496,51,427
51,496,427
496,820,297
820,496,297
